    unsorted:	 245.9112470 245.9612280 245.6576772 245.5969968 246.1086148 246.1923715 246.4840520 246.7772355 247.1335766 247.2313115 247.3267268 247.4670157 247.6580985 245.1188912 244.9445039 248.0099585 244.7019110 248.3268848 248.4978561 243.7700588 248.8380063 243.2725271 243.1029940 242.9995027 242.4315136 249.8894345 240.7801266 237.9141283 236.0770817 231.5337483 218.8387966 1428.127084 1426.805295 1429.618253 1425.249063 1431.406964 1433.567106 1423.566024 1421.068387 1436.143683 1439.175357 1442.678905 1446.605630 1449.874059 1451.455311 1455.785357 1415.211314 1460.063563 1462.971766 1465.412427 1466.655077 1402.046881 1385.474865 1305.426952 1261.976793 1545.543951 164.4920352 1148.055662 434.2822622 1056.530419 1022.266754 552.8636612 602.2013087 801.7858412 0.4585955464 0.4722329181 1728.306050 2158.600763 2317.359633 2560.816304 3029.320252 3266.929586 3540.702285 3911.224465 4002.840793 4196.758662 4407.703965 4804.804888 4945.191994 5396.256718 5741.814775 6604.188399 7586.524146 7884.484633 8264.297988 8856.230158 10136.34335 10821.15675 11577.87487 13739.22561 15330.83065 16189.16113 18708.80592 20176.12652 23375.30047 26791.78085 28362.35397 30564.41601 29677.49916 31119.57745 34731.48283 37287.74876 39866.93847 42691.89545 43737.12944 49731.51697 63181.52785 69619.23584 82439.35032 104353.6647 110195.4446 132434.5931 986752.8524 990693.8119 988111.8390 984653.2634 993249.7600 978379.1509 974974.9477 972537.7521 1002406.558 952960.3655 957783.0339 950756.3278 948856.1679 944276.2650 1008063.330 1015332.286 925456.4783 921822.9675 1032947.782 1040131.502 1049019.522 1052483.086 1062918.056 1073764.188 866573.7292 1088033.192 803317.6475 1112024.436 259171.3559 732279.1564 705692.7350 1137646.143 319624.6843 1171540.008 560881.6156 1213017.751 1319542.342 1364075.796 1454383.127 1623585.978 1616095.858 3408888.401 22267540.36 343981307.5
      sorted:	 0.4585955464 0.4722329181 164.4920352 218.8387966 231.5337483 236.0770817 237.9141283 240.7801266 242.4315136 242.9995027 243.1029940 243.2725271 243.7700588 244.7019110 244.9445039 245.1188912 245.5969968 245.6576772 245.9112470 245.9612280 246.1086148 246.1923715 246.4840520 246.7772355 247.1335766 247.2313115 247.3267268 247.4670157 247.6580985 248.0099585 248.3268848 248.4978561 248.8380063 249.8894345 434.2822622 552.8636612 602.2013087 801.7858412 1022.266754 1056.530419 1148.055662 1261.976793 1305.426952 1385.474865 1402.046881 1415.211314 1421.068387 1423.566024 1425.249063 1426.805295 1428.127084 1429.618253 1431.406964 1433.567106 1436.143683 1439.175357 1442.678905 1446.605630 1449.874059 1451.455311 1455.785357 1460.063563 1462.971766 1465.412427 1466.655077 1545.543951 1728.306050 2158.600763 2317.359633 2560.816304 3029.320252 3266.929586 3540.702285 3911.224465 4002.840793 4196.758662 4407.703965 4804.804888 4945.191994 5396.256718 5741.814775 6604.188399 7586.524146 7884.484633 8264.297988 8856.230158 10136.34335 10821.15675 11577.87487 13739.22561 15330.83065 16189.16113 18708.80592 20176.12652 23375.30047 26791.78085 28362.35397 29677.49916 30564.41601 31119.57745 34731.48283 37287.74876 39866.93847 42691.89545 43737.12944 49731.51697 63181.52785 69619.23584 82439.35032 104353.6647 110195.4446 132434.5931 259171.3559 319624.6843 560881.6156 705692.7350 732279.1564 803317.6475 866573.7292 921822.9675 925456.4783 944276.2650 948856.1679 950756.3278 952960.3655 957783.0339 972537.7521 974974.9477 978379.1509 984653.2634 986752.8524 988111.8390 990693.8119 993249.7600 1002406.558 1008063.330 1015332.286 1032947.782 1040131.502 1049019.522 1052483.086 1062918.056 1073764.188 1088033.192 1112024.436 1137646.143 1171540.008 1213017.751 1319542.342 1364075.796 1454383.127 1616095.858 1623585.978 3408888.401 22267540.36 343981307.5
