    unsorted:	 246.8368275 246.8185990 246.8657106 246.7467182 246.5730208 246.6038930 246.4706327 247.0313053 247.0442498 246.3231443 246.1447306 245.8338411 245.8591741 245.7634288 245.7424680 245.5365168 247.4358382 247.6655089 247.7336801 247.8344861 247.8871332 248.0148651 245.2348344 245.0495424 244.5797026 244.2257485 243.1540334 242.3555429 240.4159085 234.0797764 231.0732356 1411.319829 1412.053816 1413.746720 1414.685721 1415.600776 1417.931074 1421.065899 1422.135079 1428.586092 1401.351502 1437.904271 1450.807737 1468.046470 1490.301807 1367.578769 1518.029303 1551.203377 1589.882056 1579.586075 1630.402842 1665.668785 1674.390161 1703.331842 1717.506219 189.8396531 1751.507167 414.5209497 1009.906522 539.0009001 594.1815101 649.2850850 828.4542322 0.4603824777 0.4743795509 53.97691799 1927.824618 2056.778448 2143.736111 2276.599526 2340.380588 2404.057296 2549.252571 2612.473951 2666.201303 2943.943396 3440.221359 3465.863261 3770.914358 4180.118947 4628.978982 4679.089161 5133.944832 5665.604734 5875.280605 6628.237772 7403.825918 8331.599799 9705.013163 10125.05745 10508.65329 10814.75222 12131.93485 12964.37823 13687.69221 14292.14765 17481.00474 18074.41928 19088.41271 19181.46710 20763.56324 21913.45510 24220.82977 27062.16572 31924.30286 34864.49376 36775.35895 47397.95538 52948.37510 78787.44023 93797.60817 127180.7118 186289.3306 248501.9232 976480.3955 977246.0943 973603.0005 969533.8728 966747.7229 980101.8470 959268.6109 961574.0169 984384.3438 952472.2723 948951.2426 942884.1609 939813.9283 934678.8141 929890.5822 995830.9700 910509.5368 898599.9166 896187.7365 1013648.448 1020256.297 1034361.877 873292.7330 1063368.771 1065365.724 1082423.504 1084940.064 1101738.311 1104697.998 1115007.312 787741.4957 752338.6438 1148693.768 1232611.964 1286486.209 1313475.377 1452916.091 1582796.274 1775314.230 2970374.959 20172031.53 344682239.5
      sorted:	 0.4603824777 0.4743795509 53.97691799 189.8396531 231.0732356 234.0797764 240.4159085 242.3555429 243.1540334 244.2257485 244.5797026 245.0495424 245.2348344 245.5365168 245.7424680 245.7634288 245.8338411 245.8591741 246.1447306 246.3231443 246.4706327 246.5730208 246.6038930 246.7467182 246.8185990 246.8368275 246.8657106 247.0313053 247.0442498 247.4358382 247.6655089 247.7336801 247.8344861 247.8871332 248.0148651 414.5209497 539.0009001 594.1815101 649.2850850 828.4542322 1009.906522 1367.578769 1401.351502 1411.319829 1412.053816 1413.746720 1414.685721 1415.600776 1417.931074 1421.065899 1422.135079 1428.586092 1437.904271 1450.807737 1468.046470 1490.301807 1518.029303 1551.203377 1579.586075 1589.882056 1630.402842 1665.668785 1674.390161 1703.331842 1717.506219 1751.507167 1927.824618 2056.778448 2143.736111 2276.599526 2340.380588 2404.057296 2549.252571 2612.473951 2666.201303 2943.943396 3440.221359 3465.863261 3770.914358 4180.118947 4628.978982 4679.089161 5133.944832 5665.604734 5875.280605 6628.237772 7403.825918 8331.599799 9705.013163 10125.05745 10508.65329 10814.75222 12131.93485 12964.37823 13687.69221 14292.14765 17481.00474 18074.41928 19088.41271 19181.46710 20763.56324 21913.45510 24220.82977 27062.16572 31924.30286 34864.49376 36775.35895 47397.95538 52948.37510 78787.44023 93797.60817 127180.7118 186289.3306 248501.9232 752338.6438 787741.4957 873292.7330 896187.7365 898599.9166 910509.5368 929890.5822 934678.8141 939813.9283 942884.1609 948951.2426 952472.2723 959268.6109 961574.0169 966747.7229 969533.8728 973603.0005 976480.3955 977246.0943 980101.8470 984384.3438 995830.9700 1013648.448 1020256.297 1034361.877 1063368.771 1065365.724 1082423.504 1084940.064 1101738.311 1104697.998 1115007.312 1148693.768 1232611.964 1286486.209 1313475.377 1452916.091 1582796.274 1775314.230 2970374.959 20172031.53 344682239.5
